749 275
0 177
1 682
1 243
3 120
4 402
6 24
8 53
8 284
9 704
11 135
13 272
14 574
17 389
17 53
18 22
19 382
20 28
21 209
21 322
21 505
22 41
22 718
25 668
28 450
32 115
33 78
33 39
39 446
40 600
40 342
40 478
41 718
43 559
45 656
45 347
46 701
47 300
47 584
49 381
52 730
53 609
53 565
54 383
54 104
54 66
54 700
56 165
59 521
61 434
62 610
64 734
66 74
67 214
67 188
68 213
73 217
78 595
78 728
78 421
79 427
83 480
84 430
90 294
92 177
95 377
96 217
96 513
98 421
99 400
101 562
101 467
103 252
103 211
104 375
105 330
105 441
106 697
106 678
107 643
110 145
110 320
112 578
112 310
113 676
114 377
114 278
120 274
121 599
121 434
124 714
125 685
128 136
132 396
132 629
134 448
138 215
139 529
140 596
142 161
144 492
146 615
149 483
150 703
153 591
155 314
155 274
156 656
157 455
159 388
159 328
163 510
165 741
168 449
172 241
175 260
176 514
177 701
179 576
180 466
181 280
181 504
181 275
182 509
182 456
183 265
185 434
186 614
187 443
189 613
190 310
191 423
197 384
197 405
200 546
204 365
208 427
208 518
210 435
211 527
212 523
214 523
218 362
220 269
220 241
220 714
224 611
226 463
228 358
231 317
232 734
238 584
239 320
239 481
240 691
243 325
243 316
243 362
247 496
250 595
251 335
252 308
252 724
252 711
253 363
256 640
257 552
259 673
261 376
265 270
265 450
267 355
272 276
277 723
278 558
278 541
280 734
284 392
295 528
297 509
301 460
303 462
304 343
305 607
307 329
309 401
309 328
309 667
311 457
312 451
313 636
316 632
318 541
319 400
320 337
323 544
326 448
326 342
328 694
329 649
331 703
332 428
333 517
336 451
342 432
363 606
363 745
364 498
366 687
370 675
370 614
372 421
372 633
376 734
376 499
379 469
380 706
381 523
385 671
389 639
390 626
396 692
398 501
403 631
407 604
407 489
425 737
428 558
433 528
442 518
445 687
446 464
446 716
453 522
454 703
454 482
454 621
460 590
462 685
463 692
463 601
466 610
467 690
475 529
481 737
486 643
496 671
504 644
505 588
506 727
508 616
508 717
510 647
511 723
512 586
516 678
518 736
519 617
535 570
538 586
538 600
548 636
556 582
564 709
565 566
567 675
580 594
585 602
598 606
608 658
615 741
627 639
641 683
646 716
703 731
704 717